%Almanac of satellite SVN 63, PRN 01 (Block IIR) for 2016, 11, 28

dt0 = -7.661711424589e-05;
dt1 = -3.183231456205e-12;
dt2 = 0.000000000000e+00;
sqrt_a = 5.153650835037e+03; %(sqrt of meters)
e = 3.841053112410e-03; 
M0 = 1.295004883409e+00; %(radians)
Omega0 = -2.241692424630e-01; %(radians)
Omegadot = -8.386063598924e-09; %(radians/sec)
i0 = 9.634782624741e-01; %(radians)
idot = -7.286017777600e-11; %(radians/sec)
w0 = 9.419793734505e-01; %(radians)
wdot = 0.0;  %(radians/sec)

GMe = 3.986005e+14; %(m3/s2)
OmegaEdot = 7.2921151467e-05; %(radians)
